 0
 7.853981e-04
 3.141587e-03
 7.068525e-03
 1.256604e-02
 1.963369e-02
 2.827057e-02
 3.847501e-02
 5.024432e-02
 6.357435e-02
 7.845910e-02
 9.489020e-02
 1.128564e-01
 1.323429e-01
 1.533308e-01
 1.757963e-01
 1.997100e-01
 2.250361e-01
 2.517315e-01
 2.797452e-01
 3.090170e-01
 3.394768e-01
 3.710437e-01
 4.036251e-01
 4.371158e-01
 4.713967e-01
 5.063348e-01
 5.417816e-01
 5.775727e-01
 6.135275e-01
 6.494480e-01
 6.851194e-01
 7.203090e-01
 7.547668e-01
 7.882256e-01
 8.204014e-01
 8.509945e-01
 8.796901e-01
 9.061602e-01
 9.300653e-01
 9.510565e-01
 9.687782e-01
 9.828711e-01
 9.929758e-01
 9.987370e-01
 9.998072e-01
 9.958527e-01
 9.865579e-01
 9.716317e-01
 9.508135e-01
 9.238795e-01
 8.906497e-01
 8.509945e-01
 8.048420e-01
 7.521849e-01
 6.930874e-01
 6.276914e-01
 5.562231e-01
 4.789983e-01
 3.964270e-01
 3.090170e-01
 2.173767e-01
 1.222158e-01
 2.434494e-02
 -7.532681e-02
 -1.757963e-01
 -2.759729e-01
 -3.746875e-01
 -4.707039e-01
 -5.627328e-01
 -6.494480e-01
 -7.295060e-01
 -8.015670e-01
 -8.643187e-01
 -9.165024e-01
 -9.569403e-01
 -9.845643e-01
 -9.984456e-01
 -9.978245e-01
 -9.821398e-01
 -9.510565e-01
 -9.044924e-01
 -8.426404e-01
 -7.659883e-01
 -6.753328e-01
 -5.717880e-01
 -4.567874e-01
 -3.320788e-01
 -1.997100e-01
 -6.200665e-02
 7.845910e-02
 2.189097e-01
 3.564119e-01
 4.879358e-01
 6.104217e-01
 7.208536e-01
 8.163393e-01
 8.941933e-01
 9.520226e-01
 9.878109e-01
 1
 9.875652e-01
 9.500810e-01
 8.877752e-01
 8.015670e-01
 6.930874e-01
 5.646790e-01
 4.193729e-01
 2.608415e-01
 9.332637e-02
 -7.845910e-02
 -2.494505e-01
 -4.143756e-01
 -5.679156e-01
 -7.048819e-01
 -8.204014e-01
 -9.101060e-01
 -9.703168e-01
 -9.982191e-01
 -9.920160e-01
 -9.510565e-01
 -8.759280e-01
 -7.685069e-01
 -6.319617e-01
 -4.707039e-01
 -2.902847e-01
 -9.723549e-02
 1.011431e-01
 2.970416e-01
 4.824418e-01
 6.494480e-01
 7.906361e-01
 8.994053e-01
 9.703168e-01
 9.994029e-01
 9.844266e-01
 9.250772e-01
 8.230868e-01
 6.822536e-01
 5.083652e-01
 3.090170e-01
 9.332637e-02
 -1.284494e-01
 -3.453801e-01
 -5.463943e-01
 -7.208536e-01
 -8.591386e-01
 -9.532171e-01
 -9.971589e-01
 -9.875652e-01
 -9.238795e-01
 -8.085551e-01
 -6.470560e-01
 -4.476811e-01
 -2.212081e-01
 1.963369e-02
 2.608415e-01
 4.879358e-01
 6.868338e-01
 8.447485e-01
 9.510565e-01
 9.980757e-01
 9.816937e-01
 9.017948e-01
 7.624425e-01
 5.717880e-01
 3.416921e-01
 8.706881e-02
 -1.750231e-01
 -4.264898e-01
 -6.494480e-01
 -8.275218e-01
 -9.470983e-01
 -9.984456e-01
 -9.765973e-01
 -8.819213e-01
 -7.203090e-01
 -5.029445e-01
 -2.456458e-01
 3.219576e-02
 3.090170e-01
 5.627328e-01
 7.725120e-01
 9.205389e-01
 9.936113e-01
 9.844266e-01
 8.924284e-01
 7.241117e-01
 4.927273e-01
 2.173767e-01
 -7.845910e-02
 -3.688547e-01
 -6.276914e-01
 -8.310330e-01
 -9.594125e-01
 -9.998072e-01
 -9.470983e-01
 -8.048420e-01
 -5.852408e-01
 -3.082699e-01
 -1.224647e-15
 3.097639e-01
 5.903239e-01
 8.131516e-01
 9.548645e-01
 9.998072e-01
 9.419403e-01
 7.858029e-01
 5.463943e-01
 2.479291e-01
 -7.845910e-02
 -3.978686e-01
 -6.753328e-01
 -8.796901e-01
 -9.871920e-01
 -9.844266e-01
 -8.701838e-01
 -6.559932e-01
 -3.652018e-01
 -3.062574e-02
 3.090170e-01
 6.135275e-01
 8.460071e-01
 9.774343e-01
 9.904614e-01
 8.819213e-01
 6.636651e-01
 3.615432e-01
 1.256604e-02
 -3.394768e-01
 -6.494480e-01
 -8.766848e-01
 -9.904614e-01
 -9.743504e-01
 -8.288423e-01
 -5.717880e-01
 -2.364990e-01
 1.323429e-01
 4.845043e-01
 7.710136e-01
 9.510565e-01
 9.979771e-01
 9.034850e-01
 6.793773e-01
 3.564119e-01
 -1.963369e-02
 -3.942627e-01
 -7.120873e-01
 -9.250772e-01
 -9.999997e-01
 -9.238795e-01
 -7.065512e-01
 -3.797791e-01
 7.068525e-03
 3.942627e-01
 7.208536e-01
 9.343289e-01
 9.992596e-01
 9.034850e-01
 6.607225e-01
 3.090170e-01
 -9.489020e-02
 -4.845043e-01
 -7.944676e-01
 -9.716317e-01
 -9.844266e-01
 -8.288423e-01
 -5.298453e-01
 -1.377903e-01
 2.797452e-01
 6.494480e-01
 9.051612e-01
 9.999210e-01
 9.149244e-01
 6.636651e-01
 2.902847e-01
 -1.377903e-01
 -5.417816e-01
 -8.460071e-01
 -9.922128e-01
 -9.510565e-01
 -7.284308e-01
 -3.652018e-01
 6.984353e-02
 4.927273e-01
 8.204014e-01
 9.871920e-01
 9.582976e-01
 7.375131e-01
 3.673942e-01
 -7.845910e-02
 -5.097173e-01
 -8.375280e-01
 -9.929758e-01
 -9.419403e-01
 -6.930874e-01
 -2.970416e-01
 1.634121e-01
 5.903239e-01
 8.913628e-01
 1
 8.906497e-01
 5.852408e-01
 1.494491e-01
 -3.209436e-01
 -7.208536e-01
 -9.594125e-01
 -9.809382e-01
 -7.784623e-01
 -3.964270e-01
 7.845910e-02
 5.364898e-01
 8.701838e-01
 9.997036e-01
 8.924284e-01
 5.717880e-01
 1.128564e-01
 -3.746875e-01
 -7.725120e-01
 -9.824341e-01
 -9.510565e-01
 -6.839744e-01
 -2.456458e-01
 2.555301e-01
 6.936533e-01
 9.569403e-01
 9.765973e-01
 7.454178e-01
 3.209436e-01
 -1.881527e-01
 -6.494480e-01
 -9.411465e-01
 -9.845643e-01
 -7.659883e-01
 -3.416921e-01
 1.757963e-01
 6.470560e-01
 9.432516e-01
 9.816937e-01
 7.495914e-01
 3.090170e-01
 -2.189097e-01
 -6.868338e-01
 -9.622418e-01
 -9.653816e-01
 -6.930874e-01
 -2.212081e-01
 3.157318e-01
 7.624425e-01
 9.878109e-01
 9.238795e-01
 5.871497e-01
 7.532681e-02
 -4.602773e-01
 -8.591386e-01
 -9.998072e-01
 -8.375280e-01
 -4.193729e-01
 1.284494e-01
 6.380290e-01
 9.510565e-01
 9.683875e-01
 6.822536e-01
 1.804333e-01
 -3.797791e-01
 -8.204014e-01
 -9.994029e-01
 -8.571224e-01
 -4.371158e-01
 1.261124e-01
 6.494480e-01
 9.605125e-01
 9.548645e-01
 6.319617e-01
 9.723549e-02
 -4.713967e-01
 -8.822912e-01
 -9.948719e-01
 -7.685069e-01
 -2.782368e-01
 3.090170e-01
 7.906361e-01
 9.982191e-01
 8.571224e-01
 4.143756e-01
 -1.757963e-01
 -7.048819e-01
 -9.835872e-01
 -9.101060e-01
 -5.083652e-01
 7.845910e-02
 6.380290e-01
 9.653816e-01
 9.384629e-01
 5.646790e-01
 -1.963369e-02
 -5.979050e-01
 -9.532171e-01
 -9.500810e-01
 -5.871497e-01
 -4.898587e-15
 5.884205e-01
 9.520226e-01
 9.488485e-01
 5.775727e-01
 -1.963369e-02
 -6.104217e-01
 -9.622418e-01
 -9.343289e-01
 -5.351635e-01
 7.845910e-02
 6.619008e-01
 9.798551e-01
 9.017948e-01
 4.567874e-01
 -1.757963e-01
 -7.375131e-01
 -9.962023e-01
 -8.426404e-01
 -3.379988e-01
 3.090170e-01
 8.275218e-01
 9.978245e-01
 7.454178e-01
 1.750231e-01
 -4.713967e-01
 -9.165024e-01
 -9.668011e-01
 -5.979050e-01
 3.219576e-02
 6.494480e-01
 9.824341e-01
 8.822912e-01
 3.906508e-01
 -2.759729e-01
 -8.204014e-01
 -9.971589e-01
 -7.241117e-01
 -1.222158e-01
 5.364898e-01
 9.510565e-01
 9.294871e-01
 4.789983e-01
 -1.943200e-01
 -7.784623e-01
 -9.998072e-01
 -7.521849e-01
 -1.494491e-01
 5.251746e-01
 9.512989e-01
 9.238795e-01
 4.532906e-01
 -2.364990e-01
 -8.131516e-01
 -9.958527e-01
 -6.930874e-01
 -5.024432e-02
 6.184770e-01
 9.828711e-01
 8.603420e-01
 3.090170e-01
 -3.978686e-01
 -9.061602e-01
 -9.582976e-01
 -5.251746e-01
 1.757963e-01
 7.882256e-01
 9.975580e-01
 6.936533e-01
 3.062574e-02
 -6.494480e-01
 -9.922128e-01
 -8.163393e-01
 -2.112395e-01
 5.063348e-01
 9.569403e-01
 8.994053e-01
 3.615432e-01
 -3.710437e-01
 -9.051612e-01
 -9.510565e-01
 -4.810653e-01
 2.517315e-01
 8.480943e-01
 9.798551e-01
 5.717880e-01
 -1.533308e-01
 -7.944676e-01
 -9.936113e-01
 -6.368186e-01
 7.845910e-02
 7.506302e-01
 9.987370e-01
 6.793773e-01
 -2.827057e-02
 -7.208536e-01
 -9.999210e-01
 -7.020909e-01
 3.141587e-03
 7.076619e-01
 1
 7.065512e-01
 -3.141587e-03
 -7.120873e-01
 -9.999210e-01
 -6.930874e-01
 2.827057e-02
 7.337892e-01
 9.987370e-01
 6.607225e-01
 -7.845910e-02
 -7.710136e-01
 -9.936113e-01
 -6.073065e-01
 1.533308e-01
 8.204014e-01
 9.798551e-01
 5.298453e-01
 -2.517315e-01
 -8.766848e-01
 -9.510565e-01
 -4.250685e-01
 3.710437e-01
 9.323554e-01
 8.994053e-01
 2.902847e-01
 -5.063348e-01
 -9.774343e-01
 -8.163393e-01
 -1.245540e-01
 6.494480e-01
 9.995309e-01
 6.936533e-01
 -6.984353e-02
 -7.882256e-01
 -9.844266e-01
 -5.251746e-01
 2.857720e-01
 9.061602e-01
 9.174424e-01
 3.090170e-01
 -5.097173e-01
 -9.828711e-01
 -7.858029e-01
 -5.024432e-02
 7.208536e-01
 9.958527e-01
 5.820520e-01
 -2.364990e-01
 -8.913628e-01
 -9.238795e-01
 -3.082699e-01
 5.251746e-01
 9.887694e-01
 7.521849e-01
 -1.963369e-02
 -7.784623e-01
 -9.809382e-01
 -4.789983e-01
 3.688547e-01
 9.510565e-01
 8.439068e-01
 1.222158e-01
 -6.896827e-01
 -9.971589e-01
 -5.717880e-01
 2.759729e-01
 9.205389e-01
 8.822912e-01
 1.866098e-01
 -6.494480e-01
 -9.994816e-01
 -5.979050e-01
 2.555301e-01
 9.165024e-01
 8.819213e-01
 1.750231e-01
 -6.665975e-01
 -9.978245e-01
 -5.614336e-01
 3.090170e-01
 9.411465e-01
 8.426404e-01
 8.706881e-02
 -7.375131e-01
 -9.844266e-01
 -4.567874e-01
 4.321644e-01
 9.798551e-01
 7.495914e-01
 -7.845910e-02
 -8.447485e-01
 -9.343289e-01
 -2.721963e-01
 6.104217e-01
 9.998072e-01
 5.775727e-01
 -3.157318e-01
 -9.520226e-01
 -8.085551e-01
 -3.916394e-15
 8.094784e-01
 9.500810e-01
 3.022867e-01
 -5.979050e-01
 -9.998072e-01
 -5.646790e-01
 3.453801e-01
 9.653816e-01
 7.700124e-01
 -7.845910e-02
 -8.611416e-01
 -9.101060e-01
 -1.804333e-01
 7.048819e-01
 9.844266e-01
 4.143756e-01
 -5.151129e-01
 -9.982191e-01
 -6.122863e-01
 3.090170e-01
 9.605125e-01
 7.685069e-01
 -1.011431e-01
 -8.822912e-01
 -8.819213e-01
 -9.723549e-02
 7.749996e-01
 9.548645e-01
 2.782368e-01
 -6.494480e-01
 -9.920160e-01
 -4.371158e-01
 5.151129e-01
 9.994029e-01
 5.717880e-01
 -3.797791e-01
 -9.835872e-01
 -6.822536e-01
 2.494505e-01
 9.510565e-01
 7.700124e-01
 -1.284494e-01
 -9.078141e-01
 -8.375280e-01
 1.963369e-02
 8.591386e-01
 8.877752e-01
 7.532681e-02
 -8.094784e-01
 -9.238795e-01
 -1.556587e-01
 7.624425e-01
 9.488485e-01
 2.212081e-01
 -7.208536e-01
 -9.653816e-01
 -2.721963e-01
 6.868338e-01
 9.757451e-01
 3.090170e-01
 -6.619008e-01
 -9.816937e-01
 -3.320788e-01
 6.470560e-01
 9.844266e-01
 3.416921e-01
 -6.428545e-01
 -9.845643e-01
 -3.379988e-01
 6.494480e-01
 9.821398e-01
 3.209436e-01
 -6.665975e-01
 -9.765973e-01
 -2.902847e-01
 6.936533e-01
 9.668011e-01
 2.456458e-01
 -7.295060e-01
 -9.510565e-01
 -1.866098e-01
 7.725120e-01
 9.271512e-01
 1.128564e-01
 -8.204014e-01
 -8.924284e-01
 -2.434494e-02
 8.701838e-01
 8.439068e-01
 -7.845910e-02
 -9.180663e-01
 -7.784623e-01
 1.943200e-01
 9.594125e-01
 6.930874e-01
 -3.209436e-01
 -9.887694e-01
 -5.852408e-01
 4.546902e-01
 1
 4.532906e-01
 -5.903239e-01
 -9.865579e-01
 -2.970416e-01
 7.208536e-01
 9.419403e-01
 1.183173e-01
 -8.375280e-01
 -8.603420e-01
 7.845910e-02
 9.300653e-01
 7.375131e-01
 -2.857720e-01
 -9.871920e-01
 -5.717880e-01
 4.927273e-01
 9.975580e-01
 3.652018e-01
 -6.851194e-01
 -9.510565e-01
 -1.245540e-01
 8.460071e-01
 8.405193e-01
 -1.377903e-01
 -9.569403e-01
 -6.636651e-01
 4.036251e-01
 9.999210e-01
 4.250685e-01
 -6.494480e-01
 -9.600743e-01
 -1.377903e-01
 8.480943e-01
 8.288423e-01
 -1.757963e-01
 -9.716317e-01
 -6.073065e-01
 4.845043e-01
 9.954877e-01
 3.090170e-01
 -7.506302e-01
 -9.034850e-01
 3.847501e-02
 9.343289e-01
 6.930874e-01
 -3.942627e-01
 -9.999750e-01
 -3.797791e-01
 7.076619e-01
 9.238795e-01
 -7.853981e-04
 -9.250772e-01
 -7.020909e-01
 3.942627e-01
 9.998072e-01
 3.564119e-01
 -7.337892e-01
 -9.034850e-01
 6.357435e-02
 9.510565e-01
 6.368186e-01
 -4.845043e-01
 -9.912040e-01
 -2.364990e-01
 8.204014e-01
 8.288423e-01
 -2.250361e-01
 -9.904614e-01
 -4.810653e-01
 6.494480e-01
 9.406144e-01
 1.256604e-02
 -9.323554e-01
 -6.636651e-01
 4.713967e-01
 9.904614e-01
 2.112395e-01
 -8.460071e-01
 -7.896734e-01
 3.090170e-01
 9.995309e-01
 3.652018e-01
 -7.547668e-01
 -8.701838e-01
 1.757963e-01
 9.871920e-01
 4.755474e-01
 -6.753328e-01
 -9.174424e-01
 7.845910e-02
 9.687782e-01
 5.463943e-01
 -6.184770e-01
 -9.419403e-01
 1.963369e-02
 9.548645e-01
 5.820520e-01
 -5.903239e-01
 -9.508135e-01
 -1.959435e-14
 9.512989e-01
 5.852408e-01
 -5.934891e-01
 -9.470983e-01
 1.963369e-02
 9.594125e-01
 5.562231e-01
 -6.276914e-01
 -9.294871e-01
 7.845910e-02
 9.760878e-01
 4.927273e-01
 -6.896827e-01
 -8.924284e-01
 1.757963e-01
 9.936113e-01
 3.906508e-01
 -7.725120e-01
 -8.266389e-01
 3.090170e-01
 9.994816e-01
 2.456458e-01
 -8.643187e-01
 -7.203090e-01
 4.713967e-01
 9.765973e-01
 5.573437e-02
 -9.470983e-01
 -5.614336e-01
 6.494480e-01
 9.044924e-01
 -1.750231e-01
 -9.962023e-01
 -3.416921e-01
 8.204014e-01
 7.624425e-01
 -4.321644e-01
 -9.816937e-01
 -6.200665e-02
 9.510565e-01
 5.351635e-01
 -6.868338e-01
 -8.728795e-01
 2.608415e-01
 9.998072e-01
 2.212081e-01
 -8.941933e-01
 -6.470560e-01
 5.884205e-01
 9.238795e-01
 -1.572101e-01
 -9.971589e-01
 -3.022867e-01
 8.591386e-01
 6.930874e-01
 -5.463943e-01
 -9.384629e-01
 1.284494e-01
 9.956356e-01
 3.090170e-01
 -8.611416e-01
 -6.822536e-01
 5.679156e-01
 9.250772e-01
 -1.757963e-01
 -9.994029e-01
 -2.418372e-01
 8.994053e-01
 6.122863e-01
 -6.494480e-01
 -8.759280e-01
 2.970416e-01
 9.948719e-01
 9.723549e-02
 -9.569403e-01
 -4.707039e-01
 7.749996e-01
 7.685069e-01
 -4.824418e-01
 -9.510565e-01
 1.261124e-01
 9.982191e-01
 2.418372e-01
 -9.101060e-01
 -5.717880e-01
 7.048819e-01
 8.230868e-01
 -4.143756e-01
 -9.683875e-01
 7.845910e-02
 9.956356e-01
 2.608415e-01
 -9.078141e-01
 -5.646790e-01
 7.208536e-01
 8.015670e-01
 -4.602773e-01
 -9.500810e-01
 1.572101e-01
 1
 1.556587e-01
 -9.520226e-01
 -4.476811e-01
 8.163393e-01
 6.930874e-01
 -6.104217e-01
 -8.728795e-01
 3.564119e-01
 9.757451e-01
 -7.845910e-02
 -9.980757e-01
 -1.997100e-01
 9.432516e-01
 4.567874e-01
 -8.204014e-01
 -6.753328e-01
 6.428545e-01
 8.426404e-01
 -4.264898e-01
 -9.510565e-01
 1.881527e-01
 9.978245e-01
 5.573437e-02
 -9.845643e-01
 -2.902847e-01
 9.165024e-01
 5.029445e-01
 -8.015670e-01
 -6.839744e-01
 6.494480e-01
 8.266389e-01
 -4.707039e-01
 -9.271512e-01
 2.759729e-01
 9.844266e-01
 -7.532681e-02
 -9.997036e-01
 -1.222158e-01
 9.760878e-01
 3.090170e-01
 -9.180663e-01
 -4.789983e-01
 8.310330e-01
 6.276914e-01
 -7.208536e-01
 -7.521849e-01
 5.934891e-01
 8.509945e-01
 -4.546902e-01
 -9.238795e-01
 3.097639e-01
 9.716317e-01
 -1.634121e-01
 -9.958527e-01
 1.963369e-02
 9.987370e-01
 1.183173e-01
 -9.828711e-01
 -2.479291e-01
 9.510565e-01
 3.673942e-01
 -9.061602e-01
 -4.755474e-01
 8.509945e-01
 5.717880e-01
 -7.882256e-01
 -6.559932e-01
 7.203090e-01
 7.284308e-01
 -6.494480e-01
 -7.896734e-01
 5.775727e-01
 8.405193e-01
 -5.063348e-01
 -8.819213e-01
 4.371158e-01
 9.149244e-01
 -3.710437e-01
 -9.406144e-01
 3.090170e-01
 9.600743e-01
 -2.517315e-01
 -9.743504e-01
 1.997100e-01
 9.844266e-01
 -1.533308e-01
 -9.912040e-01
 1.128564e-01
 9.954877e-01
 -7.845910e-02
 -9.979771e-01
 5.024432e-02
 9.992596e-01
 -2.827057e-02
 -9.998072e-01
 1.256604e-02
 9.999750e-01
 -3.141587e-03
 -9.999997e-01
 -8.035416e-14
 9.999997e-01
 -3.141587e-03
 -9.999750e-01
 1.256604e-02
 9.998072e-01
 -2.827057e-02
 -9.992596e-01
 5.024432e-02
 9.979771e-01
 -7.845910e-02
 -9.954877e-01
 1.128564e-01
 9.912040e-01
 -1.533308e-01
 -9.844266e-01
 1.997100e-01
 9.743504e-01
 -2.517315e-01
 -9.600743e-01
 3.090170e-01
 9.406144e-01
 -3.710437e-01
 -9.149244e-01
 4.371158e-01
 8.819213e-01
 -5.063348e-01
 -8.405193e-01
 5.775727e-01
 7.896734e-01
 -6.494480e-01
 -7.284308e-01
 7.203090e-01
 6.559932e-01
 -7.882256e-01
 -5.717880e-01
 8.509945e-01
 4.755474e-01
 -9.061602e-01
 -3.673942e-01
 9.510565e-01
 2.479291e-01
 -9.828711e-01
 -1.183173e-01
 9.987370e-01
 -1.963369e-02
 -9.958527e-01
 1.634121e-01
 9.716317e-01
 -3.097639e-01
 -9.238795e-01
 4.546902e-01
 8.509945e-01
 -5.934891e-01
 -7.521849e-01
 7.208536e-01
 6.276914e-01
 -8.310330e-01
 -4.789983e-01
 9.180663e-01
 3.090170e-01
 -9.760878e-01
 -1.222158e-01
 9.997036e-01
 -7.532681e-02
 -9.844266e-01
 2.759729e-01
 9.271512e-01
 -4.707039e-01
 -8.266389e-01
 6.494480e-01
 6.839744e-01
 -8.015670e-01
 -5.029445e-01
 9.165024e-01
 2.902847e-01
 -9.845643e-01
 -5.573437e-02
 9.978245e-01
 -1.881527e-01
 -9.510565e-01
 4.264898e-01
 8.426404e-01
 -6.428545e-01
 -6.753328e-01
 8.204014e-01
 4.567874e-01
 -9.432516e-01
 -1.997100e-01
 9.980757e-01
 -7.845910e-02
 -9.757451e-01
 3.564119e-01
 8.728795e-01
 -6.104217e-01
 -6.930874e-01
 8.163393e-01
 4.476811e-01
 -9.520226e-01
 -1.556587e-01
 1
 -1.572101e-01
 -9.500810e-01
 4.602773e-01
 8.015670e-01
 -7.208536e-01
 -5.646790e-01
 9.078141e-01
 2.608415e-01
 -9.956356e-01
 7.845910e-02
 9.683875e-01
 -4.143756e-01
 -8.230868e-01
 7.048819e-01
 5.717880e-01
 -9.101060e-01
 -2.418372e-01
 9.982191e-01
 -1.261124e-01
 -9.510565e-01
 4.824418e-01
 7.685069e-01
 -7.749996e-01
 -4.707039e-01
 9.569403e-01
 9.723549e-02
 -9.948719e-01
 2.970416e-01
 8.759280e-01
 -6.494480e-01
 -6.122863e-01
 8.994053e-01
 2.418372e-01
 -9.994029e-01
 1.757963e-01
 9.250772e-01
 -5.679156e-01
 -6.822536e-01
 8.611416e-01
 3.090170e-01
 -9.956356e-01
 1.284494e-01
 9.384629e-01
 -5.463943e-01
 -6.930874e-01
 8.591386e-01
 3.022867e-01
 -9.971589e-01
 1.572101e-01
 9.238795e-01
 -5.884205e-01
 -6.470560e-01
 8.941933e-01
 2.212081e-01
 -9.998072e-01
 2.608415e-01
 8.728795e-01
 -6.868338e-01
 -5.351635e-01
 9.510565e-01
 6.200665e-02
 -9.816937e-01
 4.321644e-01
 7.624425e-01
 -8.204014e-01
 -3.416921e-01
 9.962023e-01
 -1.750231e-01
 -9.044924e-01
 6.494480e-01
 5.614336e-01
 -9.470983e-01
 -5.573437e-02
 9.765973e-01
 -4.713967e-01
 -7.203090e-01
 8.643187e-01
 2.456458e-01
 -9.994816e-01
 3.090170e-01
 8.266389e-01
 -7.725120e-01
 -3.906508e-01
 9.936113e-01
 -1.757963e-01
 -8.924284e-01
 6.896827e-01
 4.927273e-01
 -9.760878e-01
 7.845910e-02
 9.294871e-01
 -6.276914e-01
 -5.562231e-01
 9.594125e-01
 -1.963369e-02
 -9.470983e-01
 5.934891e-01
 5.852408e-01
 -9.512989e-01
 -1.566558e-14
 9.508135e-01
 -5.903239e-01
 -5.820520e-01
 9.548645e-01
 -1.963369e-02
 -9.419403e-01
 6.184770e-01
 5.463943e-01
 -9.687782e-01
 7.845910e-02
 9.174424e-01
 -6.753328e-01
 -4.755474e-01
 9.871920e-01
 -1.757963e-01
 -8.701838e-01
 7.547668e-01
 3.652018e-01
 -9.995309e-01
 3.090170e-01
 7.896734e-01
 -8.460071e-01
 -2.112395e-01
 9.904614e-01
 -4.713967e-01
 -6.636651e-01
 9.323554e-01
 1.256604e-02
 -9.406144e-01
 6.494480e-01
 4.810653e-01
 -9.904614e-01
 2.250361e-01
 8.288423e-01
 -8.204014e-01
 -2.364990e-01
 9.912040e-01
 -4.845043e-01
 -6.368186e-01
 9.510565e-01
 -6.357435e-02
 -9.034850e-01
 7.337892e-01
 3.564119e-01
 -9.998072e-01
 3.942627e-01
 7.020909e-01
 -9.250772e-01
 7.853981e-04
 9.238795e-01
 -7.076619e-01
 -3.797791e-01
 9.999750e-01
 -3.942627e-01
 -6.930874e-01
 9.343289e-01
 -3.847501e-02
 -9.034850e-01
 7.506302e-01
 3.090170e-01
 -9.954877e-01
 4.845043e-01
 6.073065e-01
 -9.716317e-01
 1.757963e-01
 8.288423e-01
 -8.480943e-01
 -1.377903e-01
 9.600743e-01
 -6.494480e-01
 -4.250685e-01
 9.999210e-01
 -4.036251e-01
 -6.636651e-01
 9.569403e-01
 -1.377903e-01
 -8.405193e-01
 8.460071e-01
 1.245540e-01
 -9.510565e-01
 6.851194e-01
 3.652018e-01
 -9.975580e-01
 4.927273e-01
 5.717880e-01
 -9.871920e-01
 2.857720e-01
 7.375131e-01
 -9.300653e-01
 7.845910e-02
 8.603420e-01
 -8.375280e-01
 -1.183173e-01
 9.419403e-01
 -7.208536e-01
 -2.970416e-01
 9.865579e-01
 -5.903239e-01
 -4.532906e-01
 1
 -4.546902e-01
 -5.852408e-01
 9.887694e-01
 -3.209436e-01
 -6.930874e-01
 9.594125e-01
 -1.943200e-01
 -7.784623e-01
 9.180663e-01
 -7.845910e-02
 -8.439068e-01
 8.701838e-01
 2.434494e-02
 -8.924284e-01
 8.204014e-01
 1.128564e-01
 -9.271512e-01
 7.725120e-01
 1.866098e-01
 -9.510565e-01
 7.295060e-01
 2.456458e-01
 -9.668011e-01
 6.936533e-01
 2.902847e-01
 -9.765973e-01
 6.665975e-01
 3.209436e-01
 -9.821398e-01
 6.494480e-01
 3.379988e-01
 -9.845643e-01
 6.428545e-01
 3.416921e-01
 -9.844266e-01
 6.470560e-01
 3.320788e-01
 -9.816937e-01
 6.619008e-01
 3.090170e-01
 -9.757451e-01
 6.868338e-01
 2.721963e-01
 -9.653816e-01
 7.208536e-01
 2.212081e-01
 -9.488485e-01
 7.624425e-01
 1.556587e-01
 -9.238795e-01
 8.094784e-01
 7.532681e-02
 -8.877752e-01
 8.591386e-01
 -1.963369e-02
 -8.375280e-01
 9.078141e-01
 -1.284494e-01
 -7.700124e-01
 9.510565e-01
 -2.494505e-01
 -6.822536e-01
 9.835872e-01
 -3.797791e-01
 -5.717880e-01
 9.994029e-01
 -5.151129e-01
 -4.371158e-01
 9.920160e-01
 -6.494480e-01
 -2.782368e-01
 9.548645e-01
 -7.749996e-01
 -9.723549e-02
 8.819213e-01
 -8.822912e-01
 1.011431e-01
 7.685069e-01
 -9.605125e-01
 3.090170e-01
 6.122863e-01
 -9.982191e-01
 5.151129e-01
 4.143756e-01
 -9.844266e-01
 7.048819e-01
 1.804333e-01
 -9.101060e-01
 8.611416e-01
 -7.845910e-02
 -7.700124e-01
 9.653816e-01
 -3.453801e-01
 -5.646790e-01
 9.998072e-01
 -5.979050e-01
 -3.022867e-01
 9.500810e-01
 -8.094784e-01
 -5.290227e-14
 8.085551e-01
 -9.520226e-01
 3.157318e-01
 5.775727e-01
 -9.998072e-01
 6.104217e-01
 2.721963e-01
 -9.343289e-01
 8.447485e-01
 -7.845910e-02
 -7.495914e-01
 9.798551e-01
 -4.321644e-01
 -4.567874e-01
 9.844266e-01
 -7.375131e-01
 -8.706881e-02
 8.426404e-01
 -9.411465e-01
 3.090170e-01
 5.614336e-01
 -9.978245e-01
 6.665975e-01
 1.750231e-01
 -8.819213e-01
 9.165024e-01
 -2.555301e-01
 -5.979050e-01
 9.994816e-01
 -6.494480e-01
 -1.866098e-01
 8.822912e-01
 -9.205389e-01
 2.759729e-01
 5.717880e-01
 -9.971589e-01
 6.896827e-01
 1.222158e-01
 -8.439068e-01
 9.510565e-01
 -3.688547e-01
 -4.789983e-01
 9.809382e-01
 -7.784623e-01
 1.963369e-02
 7.521849e-01
 -9.887694e-01
 5.251746e-01
 3.082699e-01
 -9.238795e-01
 8.913628e-01
 -2.364990e-01
 -5.820520e-01
 9.958527e-01
 -7.208536e-01
 -5.024432e-02
 7.858029e-01
 -9.828711e-01
 5.097173e-01
 3.090170e-01
 -9.174424e-01
 9.061602e-01
 -2.857720e-01
 -5.251746e-01
 9.844266e-01
 -7.882256e-01
 6.984353e-02
 6.936533e-01
 -9.995309e-01
 6.494480e-01
 1.245540e-01
 -8.163393e-01
 9.774343e-01
 -5.063348e-01
 -2.902847e-01
 8.994053e-01
 -9.323554e-01
 3.710437e-01
 4.250685e-01
 -9.510565e-01
 8.766848e-01
 -2.517315e-01
 -5.298453e-01
 9.798551e-01
 -8.204014e-01
 1.533308e-01
 6.073065e-01
 -9.936113e-01
 7.710136e-01
 -7.845910e-02
 -6.607225e-01
 9.987370e-01
 -7.337892e-01
 2.827057e-02
 6.930874e-01
 -9.999210e-01
 7.120873e-01
 -3.141587e-03
 -7.065512e-01
 1
 -7.076619e-01
 3.141587e-03
 7.020909e-01
 -9.999210e-01
 7.208536e-01
 -2.827057e-02
 -6.793773e-01
 9.987370e-01
 -7.506302e-01
 7.845910e-02
 6.368186e-01
 -9.936113e-01
 7.944676e-01
 -1.533308e-01
 -5.717880e-01
 9.798551e-01
 -8.480943e-01
 2.517315e-01
 4.810653e-01
 -9.510565e-01
 9.051612e-01
 -3.710437e-01
 -3.615432e-01
 8.994053e-01
 -9.569403e-01
 5.063348e-01
 2.112395e-01
 -8.163393e-01
 9.922128e-01
 -6.494480e-01
 -3.062574e-02
 6.936533e-01
 -9.975580e-01
 7.882256e-01
 -1.757963e-01
 -5.251746e-01
 9.582976e-01
 -9.061602e-01
 3.978686e-01
 3.090170e-01
 -8.603420e-01
 9.828711e-01
 -6.184770e-01
 -5.024432e-02
 6.930874e-01
 -9.958527e-01
 8.131516e-01
 -2.364990e-01
 -4.532906e-01
 9.238795e-01
 -9.512989e-01
 5.251746e-01
 1.494491e-01
 -7.521849e-01
 9.998072e-01
 -7.784623e-01
 1.943200e-01
 4.789983e-01
 -9.294871e-01
 9.510565e-01
 -5.364898e-01
 -1.222158e-01
 7.241117e-01
 -9.971589e-01
 8.204014e-01
 -2.759729e-01
 -3.906508e-01
 8.822912e-01
 -9.824341e-01
 6.494480e-01
 -3.219576e-02
 -5.979050e-01
 9.668011e-01
 -9.165024e-01
 4.713967e-01
 1.750231e-01
 -7.454178e-01
 9.978245e-01
 -8.275218e-01
 3.090170e-01
 3.379988e-01
 -8.426404e-01
 9.962023e-01
 -7.375131e-01
 1.757963e-01
 4.567874e-01
 -9.017948e-01
 9.798551e-01
 -6.619008e-01
 7.845910e-02
 5.351635e-01
 -9.343289e-01
 9.622418e-01
 -6.104217e-01
 1.963369e-02
 5.775727e-01
 -9.488485e-01
 9.520226e-01
 -5.884205e-01
 -7.837740e-14
 5.871497e-01
 -9.500810e-01
 9.532171e-01
 -5.979050e-01
 1.963369e-02
 5.646790e-01
 -9.384629e-01
 9.653816e-01
 -6.380290e-01
 7.845910e-02
 5.083652e-01
 -9.101060e-01
 9.835872e-01
 -7.048819e-01
 1.757963e-01
 4.143756e-01
 -8.571224e-01
 9.982191e-01
 -7.906361e-01
 3.090170e-01
 2.782368e-01
 -7.685069e-01
 9.948719e-01
 -8.822912e-01
 4.713967e-01
 9.723549e-02
 -6.319617e-01
 9.548645e-01
 -9.605125e-01
 6.494480e-01
 -1.261124e-01
 -4.371158e-01
 8.571224e-01
 -9.994029e-01
 8.204014e-01
 -3.797791e-01
 -1.804333e-01
 6.822536e-01
 -9.683875e-01
 9.510565e-01
 -6.380290e-01
 1.284494e-01
 4.193729e-01
 -8.375280e-01
 9.998072e-01
 -8.591386e-01
 4.602773e-01
 7.532681e-02
 -5.871497e-01
 9.238795e-01
 -9.878109e-01
 7.624425e-01
 -3.157318e-01
 -2.212081e-01
 6.930874e-01
 -9.653816e-01
 9.622418e-01
 -6.868338e-01
 2.189097e-01
 3.090170e-01
 -7.495914e-01
 9.816937e-01
 -9.432516e-01
 6.470560e-01
 -1.757963e-01
 -3.416921e-01
 7.659883e-01
 -9.845643e-01
 9.411465e-01
 -6.494480e-01
 1.881527e-01
 3.209436e-01
 -7.454178e-01
 9.765973e-01
 -9.569403e-01
 6.936533e-01
 -2.555301e-01
 -2.456458e-01
 6.839744e-01
 -9.510565e-01
 9.824341e-01
 -7.725120e-01
 3.746875e-01
 1.128564e-01
 -5.717880e-01
 8.924284e-01
 -9.997036e-01
 8.701838e-01
 -5.364898e-01
 7.845910e-02
 3.964270e-01
 -7.784623e-01
 9.809382e-01
 -9.594125e-01
 7.208536e-01
 -3.209436e-01
 -1.494491e-01
 5.852408e-01
 -8.906497e-01
 1
 -8.913628e-01
 5.903239e-01
 -1.634121e-01
 -2.970416e-01
 6.930874e-01
 -9.419403e-01
 9.929758e-01
 -8.375280e-01
 5.097173e-01
 -7.845910e-02
 -3.673942e-01
 7.375131e-01
 -9.582976e-01
 9.871920e-01
 -8.204014e-01
 4.927273e-01
 -6.984353e-02
 -3.652018e-01
 7.284308e-01
 -9.510565e-01
 9.922128e-01
 -8.460071e-01
 5.417816e-01
 -1.377903e-01
 -2.902847e-01
 6.636651e-01
 -9.149244e-01
 9.999210e-01
 -9.051612e-01
 6.494480e-01
 -2.797452e-01
 -1.377903e-01
 5.298453e-01
 -8.288423e-01
 9.844266e-01
 -9.716317e-01
 7.944676e-01
 -4.845043e-01
 9.489020e-02
 3.090170e-01
 -6.607225e-01
 9.034850e-01
 -9.992596e-01
 9.343289e-01
 -7.208536e-01
 3.942627e-01
 -7.068525e-03
 -3.797791e-01
 7.065512e-01
 -9.238795e-01
 9.999997e-01
 -9.250772e-01
 7.120873e-01
 -3.942627e-01
 1.963369e-02
 3.564119e-01
 -6.793773e-01
 9.034850e-01
 -9.979771e-01
 9.510565e-01
 -7.710136e-01
 4.845043e-01
 -1.323429e-01
 -2.364990e-01
 5.717880e-01
 -8.288423e-01
 9.743504e-01
 -9.904614e-01
 8.766848e-01
 -6.494480e-01
 3.394768e-01
 1.256604e-02
 -3.615432e-01
 6.636651e-01
 -8.819213e-01
 9.904614e-01
 -9.774343e-01
 8.460071e-01
 -6.135275e-01
 3.090170e-01
 3.062574e-02
 -3.652018e-01
 6.559932e-01
 -8.701838e-01
 9.844266e-01
 -9.871920e-01
 8.796901e-01
 -6.753328e-01
 3.978686e-01
 -7.845910e-02
 -2.479291e-01
 5.463943e-01
 -7.858029e-01
 9.419403e-01
 -9.998072e-01
 9.548645e-01
 -8.131516e-01
 5.903239e-01
 -3.097639e-01
 -3.194646e-13
 3.082699e-01
 -5.852408e-01
 8.048420e-01
 -9.470983e-01
 9.998072e-01
 -9.594125e-01
 8.310330e-01
 -6.276914e-01
 3.688547e-01
 -7.845910e-02
 -2.173767e-01
 4.927273e-01
 -7.241117e-01
 8.924284e-01
 -9.844266e-01
 9.936113e-01
 -9.205389e-01
 7.725120e-01
 -5.627328e-01
 3.090170e-01
 -3.219576e-02
 -2.456458e-01
 5.029445e-01
 -7.203090e-01
 8.819213e-01
 -9.765973e-01
 9.984456e-01
 -9.470983e-01
 8.275218e-01
 -6.494480e-01
 4.264898e-01
 -1.750231e-01
 -8.706881e-02
 3.416921e-01
 -5.717880e-01
 7.624425e-01
 -9.017948e-01
 9.816937e-01
 -9.980757e-01
 9.510565e-01
 -8.447485e-01
 6.868338e-01
 -4.879358e-01
 2.608415e-01
 -1.963369e-02
 -2.212081e-01
 4.476811e-01
 -6.470560e-01
 8.085551e-01
 -9.238795e-01
 9.875652e-01
 -9.971589e-01
 9.532171e-01
 -8.591386e-01
 7.208536e-01
 -5.463943e-01
 3.453801e-01
 -1.284494e-01
 -9.332637e-02
 3.090170e-01
 -5.083652e-01
 6.822536e-01
 -8.230868e-01
 9.250772e-01
 -9.844266e-01
 9.994029e-01
 -9.703168e-01
 8.994053e-01
 -7.906361e-01
 6.494480e-01
 -4.824418e-01
 2.970416e-01
 -1.011431e-01
 -9.723549e-02
 2.902847e-01
 -4.707039e-01
 6.319617e-01
 -7.685069e-01
 8.759280e-01
 -9.510565e-01
 9.920160e-01
 -9.982191e-01
 9.703168e-01
 -9.101060e-01
 8.204014e-01
 -7.048819e-01
 5.679156e-01
 -4.143756e-01
 2.494505e-01
 -7.845910e-02
 -9.332637e-02
 2.608415e-01
 -4.193729e-01
 5.646790e-01
 -6.930874e-01
 8.015670e-01
 -8.877752e-01
 9.500810e-01
 -9.875652e-01
 1
 -9.878109e-01
 9.520226e-01
 -8.941933e-01
 8.163393e-01
 -7.208536e-01
 6.104217e-01
 -4.879358e-01
 3.564119e-01
 -2.189097e-01
 7.845910e-02
 6.200665e-02
 -1.997100e-01
 3.320788e-01
 -4.567874e-01
 5.717880e-01
 -6.753328e-01
 7.659883e-01
 -8.426404e-01
 9.044924e-01
 -9.510565e-01
 9.821398e-01
 -9.978245e-01
 9.984456e-01
 -9.845643e-01
 9.569403e-01
 -9.165024e-01
 8.643187e-01
 -8.015670e-01
 7.295060e-01
 -6.494480e-01
 5.627328e-01
 -4.707039e-01
 3.746875e-01
 -2.759729e-01
 1.757963e-01
 -7.532681e-02
 -2.434494e-02
 1.222158e-01
 -2.173767e-01
 3.090170e-01
 -3.964270e-01
 4.789983e-01
 -5.562231e-01
 6.276914e-01
 -6.930874e-01
 7.521849e-01
 -8.048420e-01
 8.509945e-01
 -8.906497e-01
 9.238795e-01
 -9.508135e-01
 9.716317e-01
 -9.865579e-01
 9.958527e-01
 -9.998072e-01
 9.987370e-01
 -9.929758e-01
 9.828711e-01
 -9.687782e-01
 9.510565e-01
 -9.300653e-01
 9.061602e-01
 -8.796901e-01
 8.509945e-01
 -8.204014e-01
 7.882256e-01
 -7.547668e-01
 7.203090e-01
 -6.851194e-01
 6.494480e-01
 -6.135275e-01
 5.775727e-01
 -5.417816e-01
 5.063348e-01
 -4.713967e-01
 4.371158e-01
 -4.036251e-01
 3.710437e-01
 -3.394768e-01
 3.090170e-01
 -2.797452e-01
 2.517315e-01
 -2.250361e-01
 1.997100e-01
 -1.757963e-01
 1.533308e-01
 -1.323429e-01
 1.128564e-01
 -9.489020e-02
 7.845910e-02
 -6.357435e-02
 5.024432e-02
 -3.847501e-02
 2.827057e-02
 -1.963369e-02
 1.256604e-02
 -7.068525e-03
 3.141587e-03
 -7.853981e-04
